A          B          A Sorted   B Sorted   Difference Cumulative
----------------------------------------------------------------------
80784      47731      10112      10112      0          0         
81682      36089      10245      10112      133        133       
22289      41038      10252      10112      140        273       
79525      17481      10333      10112      221        494       
62156      70590      10481      10112      369        863       
87975      21561      10526      10112      414        1277      
54635      59542      10531      10112      419        1696      
43393      99451      10846      10112      734        2430      
45310      59542      10937      10112      825        3255      
18324      92078      10989      10112      877        4132      
36887      79481      11003      10112      891        5023      
35723      48782      11205      10112      1093       6116      
78420      35875      11269      10112      1157       7273      
93307      52649      11337      10112      1225       8498      
77342      80601      11381      10112      1269       9767      
69125      47895      11389      10112      1277       11044     
37292      20025      11458      10112      1346       12390     
45553      59542      11708      10112      1596       13986     
27412      30010      11717      10112      1605       15591     
67708      70822      11800      10112      1688       17279     
92078      91109      11807      10350      1457       18736     
48367      87581      11812      10429      1383       20119     
26852      30538      11947      10487      1460       21579     
42123      17859      11985      10557      1428       23007     
20067      87581      11995      10644      1351       24358     
20239      32262      12207      10743      1464       25822     
50660      73585      12244      10767      1477       27299     
46240      45533      12273      11383      890        28189     
29502      46131      12422      11467      955        29144     
77080      36089      12775      11601      1174       30318     
64180      14043      12797      11620      1177       31495     
74942      72085      12882      11659      1223       32718     
73979      22860      12915      11734      1181       33899     
47999      41397      12936      11951      985        34884     
36014      35101      12969      12203      766        35650     
39827      32262      12985      12276      709        36359     
81418      86581      12998      12422      576        36935     
47467      14538      13033      12422      611        37546     
65923      46584      13040      12422      618        38164     
95054      17500      13062      12422      640        38804     
59680      37730      13090      12422      668        39472     
94609      19539      13158      12422      736        40208     
33451      39467      13223      12422      801        41009     
69173      12422      13295      12422      873        41882     
31769      34255      13683      12422      1261       43143     
85180      29056      13764      12422      1342       44485     
82104      52296      13789      12422      1367       45852     
90955      38171      13853      12422      1431       47283     
83927      70590      13942      12422      1520       48803     
59455      17306      13994      12422      1572       50375     
28681      86581      14004      12422      1582       51957     
54107      13789      14007      12474      1533       53490     
79824      21386      14160      12497      1663       55153     
53890      46519      14297      12746      1551       56704     
94883      87581      14314      12960      1354       58058     
12797      46584      14331      13647      684        58742     
66809      24306      14346      13782      564        59306     
78327      24086      14498      13789      709        60015     
19780      43234      14525      13789      736        60751     
55623      38171      14528      13789      739        61490     
10937      42288      14557      13789      768        62258     
24262      74556      14809      13789      1020       63278     
92076      77080      15086      13789      1297       64575     
69179      15029      15094      13789      1305       65880     
13764      52214      15135      13789      1346       67226     
92187      63803      15210      13789      1421       68647     
91328      94609      15228      13789      1439       70086     
24356      36089      15249      13789      1460       71546     
82974      84225      15288      13789      1499       73045     
55924      70822      15341      13789      1552       74597     
65439      55383      15369      13789      1580       76177     
78097      82069      15766      14043      1723       77900     
58045      12422      15931      14538      1393       79293     
72087      37730      16116      14632      1484       80777     
70822      32262      16168      14684      1484       82261     
78511      48368      16301      15029      1272       83533     
39251      54157      16387      15058      1329       84862     
74623      59542      16446      15262      1184       86046     
32104      74623      16497      15355      1142       87188     
69499      17481      16506      15405      1101       88289     
97919      33260      16542      15554      988        89277     
37778      74623      16585      15653      932        90209     
56977      14684      16989      15724      1265       91474     
19100      98708      17159      16045      1114       92588     
29453      34463      17167      16317      850        93438     
18839      87581      17425      16491      934        94372     
75434      75839      17481      16506      975        95347     
58303      84225      17491      16506      985        96332     
84924      24108      17507      16506      1001       97333     
99813      37730      17577      16506      1071       98404     
99218      93749      17793      16516      1277       99681     
54262      38470      17937      16585      1352       101033    
61773      94274      18072      16597      1475       102508    
67034      56935      18208      16810      1398       103906    
71788      74556      18264      16931      1333       105239    
83455      22604      18324      17116      1208       106447    
76089      84225      18560      17306      1254       107701    
11003      85999      18620      17481      1139       108840    
80814      62471      18733      17481      1252       110092    
41928      56000      18839      17481      1358       111450    
52541      71034      19050      17481      1569       113019    
37488      53519      19091      17481      1610       114629    
78475      33260      19100      17481      1619       116248    
57117      32449      19154      17481      1673       117921    
54543      54732      19156      17481      1675       119596    
19050      52775      19164      17481      1683       121279    
80967      76950      19292      17481      1811       123090    
71045      29497      19453      17500      1953       125043    
61189      43136      19515      17677      1838       126881    
75055      38171      19558      17859      1699       128580    
91573      46131      19582      18162      1420       130000    
50100      70590      19586      18185      1401       131401    
46554      24973      19780      18222      1558       132959    
25154      99579      19834      18458      1376       134335    
19853      77080      19853      18772      1081       135416    
11807      20266      19974      19229      745        136161    
40158      24315      20001      19276      725        136886    
92543      38171      20060      19328      732        137618    
93300      87581      20061      19539      522        138140    
79628      68978      20067      19599      468        138608    
19164      51702      20139      19772      367        138975    
53719      96515      20239      20025      214        139189    
38074      46503      20342      20123      219        139408    
25693      53188      20364      20266      98         139506    
79321      17481      20641      20455      186        139692    
25108      21108      20673      20519      154        139846    
38398      72487      20720      20720      0          139846    
22073      59542      20808      20720      88         139934    
98191      39605      21120      20722      398        140332    
80619      66029      21308      20809      499        140831    
99138      74556      21400      21108      292        141123    
49897      33260      21429      21274      155        141278    
84225      10112      21523      21312      211        141489    
14331      66948      21544      21386      158        141647    
94603      36089      21547      21561      14         141661    
33642      75862      21937      21713      224        141885    
14314      89669      21964      22046      82         141967    
12998      48362      22073      22127      54         142021    
10989      21312      22264      22604      340        142361    
68074      46131      22289      22860      571        142932    
10531      47636      22338      23478      1140       144072    
32312      70590      22448      23504      1056       145128    
66844      38171      22527      23585      1058       146186    
73563      77034      22643      23592      949        147135    
33099      65439      22703      23598      895        148030    
93734      71747      22864      23674      810        148840    
56538      35101      22872      23762      890        149730    
55501      82069      23014      23939      925        150655    
19974      94609      23195      24086      891        151546    
21308      23592      23261      24108      847        152393    
37062      36089      23368      24306      938        153331    
99908      59542      23427      24315      888        154219    
92651      94321      23466      24596      1130       155349    
81371      84225      23557      24635      1078       156427    
96268      35101      23664      24664      1000       157427    
58685      25444      23782      24828      1046       158473    
37191      86819      23845      24873      1028       159501    
71956      87899      23973      24885      912        160413    
28341      70822      24071      24906      835        161248    
11995      64983      24141      24973      832        162080    
92426      70590      24159      25384      1225       163305    
30515      57117      24262      25444      1182       164487    
72193      37685      24356      26049      1693       166180    
82150      77080      24422      26540      2118       168298    
19292      73860      24521      26550      2029       170327    
52076      53020      24918      26550      1632       171959    
26135      78522      25013      26550      1537       173496    
49482      79269      25108      26550      1442       174938    
56103      81747      25154      26687      1533       176471    
62006      66781      25272      27009      1737       178208    
41905      24906      25310      27174      1864       180072    
23782      10112      25337      27278      1941       182013    
39865      41627      25530      27589      2059       184072    
80074      91781      25693      27741      2048       186120    
84213      70822      25873      27777      1904       188024    
19586      43155      25890      28056      2166       190190    
87133      70822      25924      28102      2178       192368    
67811      65439      25975      28323      2348       194716    
60019      23478      26034      28498      2464       197180    
29057      70590      26099      28517      2418       199598    
77349      16491      26135      28664      2529       202127    
32372      13789      26328      28694      2366       204493    
93055      65439      26407      28880      2473       206966    
82209      30330      26497      28919      2422       209388    
75731      60775      26550      29056      2506       211894    
91276      79848      26698      29117      2419       214313    
90330      37730      26852      29182      2330       216643    
41180      59542      26913      29434      2521       219164    
81204      95937      27059      29497      2438       221602    
36092      11620      27147      29667      2520       224122    
13033      38171      27239      29737      2498       226620    
34488      51306      27412      29768      2356       228976    
71770      81668      27519      29947      2428       231404    
37630      57117      27795      29970      2175       233579    
87608      69809      28116      30010      1894       235473    
90593      59542      28120      30134      2014       237487    
52792      39467      28185      30223      2038       239525    
33508      46226      28265      30330      2065       241590    
78150      29434      28341      30383      2042       243632    
18072      84225      28374      30492      2118       245750    
11205      63803      28411      30492      2081       247831    
28801      39467      28518      30492      1974       249805    
89617      47552      28602      30492      1890       251695    
91269      77080      28678      30492      1814       253509    
50829      15405      28681      30492      1811       255320    
96387      68582      28759      30492      1733       257053    
44407      46131      28801      30538      1737       258790    
17491      74556      28923      30540      1617       260407    
77464      57117      28932      30652      1720       262127    
67053      71830      29057      30904      1847       263974    
67048      20722      29062      31253      2191       266165    
15369      76996      29063      31456      2393       268558    
71812      74803      29453      31471      2018       270576    
96980      35466      29502      31505      2003       272579    
39993      82069      29554      31640      2086       274665    
65498      59148      29557      31754      2197       276862    
88138      79430      29575      31767      2192       279054    
16497      54357      29588      32212      2624       281678    
75624      46131      29766      32226      2460       284138    
84028      39464      30004      32262      2258       286396    
82572      39122      30132      32262      2130       288526    
14297      36089      30292      32262      1970       290496    
33805      85723      30492      32262      1770       292266    
44778      74556      30496      32262      1766       294032    
14498      87581      30515      32262      1747       295779    
71384      17116      30625      32262      1637       297416    
47173      82069      30742      32262      1520       298936    
60652      82069      30758      32262      1504       300440    
67241      46316      30809      32262      1453       301893    
73276      80192      30869      32262      1393       303286    
46786      68313      31047      32262      1215       304501    
88795      97650      31053      32262      1209       305710    
95120      23939      31239      32262      1023       306733    
53010      82069      31360      32262      902        307635    
40256      82069      31520      32323      803        308438    
26913      71782      31528      32449      921        309359    
44746      88309      31571      32750      1179       310538    
49866      86581      31572      32898      1326       311864    
50951      97892      31769      33260      1491       313355    
80832      30492      32104      33260      1156       314511    
22643      70822      32161      33260      1099       315610    
84334      86581      32262      33260      998        316608    
96028      70590      32295      33260      965        317573    
39816      56848      32312      33260      948        318521    
78427      63379      32372      33260      888        319409    
27147      92078      32395      33260      865        320274    
35658      12422      32791      33260      469        320743    
76747      47552      32813      33260      447        321190    
32896      59542      32896      33260      364        321554    
98898      12422      33041      33260      219        321773    
45166      37081      33099      33278      179        321952    
38602      27009      33234      33571      337        322289    
17507      82069      33260      33798      538        322827    
75567      74623      33451      34024      573        323400    
71921      29970      33477      34255      778        324178    
11800      90710      33508      34463      955        325133    
23973      68582      33642      34777      1135       326268    
80315      68252      33704      35083      1379       327647    
86659      13782      33805      35101      1296       328943    
23014      71633      33983      35101      1118       330061    
33041      57117      34039      35101      1062       331123    
93351      65439      34107      35101      994        332117    
69088      46584      34165      35101      936        333053    
71994      91050      34305      35101      796        333849    
61532      98835      34307      35136      829        334678    
98790      76392      34343      35207      864        335542    
62890      75035      34380      35237      857        336399    
37723      36089      34488      35242      754        337153    
56136      20455      34541      35269      728        337881    
91663      84225      34622      35466      844        338725    
76413      87581      34660      35542      882        339607    
89223      11659      34727      35752      1025       340632    
33477      47973      34735      35801      1066       341698    
34541      16506      34793      35875      1082       342780    
82603      59542      34855      36028      1173       343953    
37730      75791      34919      36089      1170       345123    
25272      98835      34939      36089      1150       346273    
86703      82248      34996      36089      1093       347366    
56755      54948      35040      36089      1049       348415    
74556      92078      35101      36089      988        349403    
11337      36089      35140      36089      949        350352    
52534      27174      35519      36089      570        350922    
60327      87581      35632      36089      457        351379    
84554      89264      35658      36089      431        351810    
11381      59542      35688      36089      401        352211    
99601      81999      35723      36089      366        352577    
20139      33278      35800      36089      289        352866    
25530      59558      36014      36089      75         352941    
97414      74906      36038      36089      51         352992    
11269      70822      36089      36089      0          352992    
66500      13789      36092      36089      3          352995    
23195      68582      36103      36089      14         353009    
22872      53300      36104      36148      44         353053    
94937      51202      36194      36258      64         353117    
12273      55687      36292      36420      128        353245    
63364      71074      36475      36453      22         353267    
14160      15554      36565      36856      291        353558    
57473      39467      36662      36878      216        353774    
19091      87899      36704      37081      377        354151    
43286      16810      36731      37140      409        354560    
25975      33571      36749      37251      502        355062    
57319      39467      36802      37608      806        355868    
61075      66766      36882      37685      803        356671    
95980      98826      36885      37730      845        357516    
47190      55086      36887      37730      843        358359    
82297      87581      36993      37730      737        359096    
24071      53175      37062      37730      668        359764    
85766      82069      37191      37730      539        360303    
48467      36089      37292      37730      438        360741    
16301      77080      37488      37730      242        360983    
89176      48368      37528      37730      202        361185    
76512      29182      37622      37730      108        361293    
61987      37730      37630      37730      100        361393    
10252      83226      37723      38038      315        361708    
42503      12203      37730      38051      321        362029    
75498      71010      37778      38116      338        362367    
56685      98679      37941      38171      230        362597    
22338      48368      37947      38171      224        362821    
40666      86581      38047      38171      124        362945    
88276      32262      38074      38171      97         363042    
69493      94854      38144      38171      27         363069    
75435      22046      38161      38171      10         363079    
91561      48368      38171      38171      0          363079    
99202      42878      38192      38171      21         363100    
90978      38171      38262      38171      91         363191    
89712      77080      38305      38171      134        363325    
48877      36148      38337      38171      166        363491    
31528      92078      38398      38171      227        363718    
15135      36258      38583      38171      412        364130    
47468      10112      38602      38176      426        364556    
23557      10112      39003      38470      533        365089    
46381      98492      39085      38528      557        365646    
95007      57390      39226      38551      675        366321    
31053      95937      39243      38708      535        366856    
26099      27278      39251      38899      352        367208    
34939      75494      39296      38995      301        367509    
44252      59542      39312      39122      190        367699    
54945      73875      39316      39162      154        367853    
26328      38171      39320      39369      49         367902    
73116      46131      39428      39464      36         367938    
16168      13789      39467      39467      0          367938    
28518      28323      39558      39467      91         368029    
25310      28056      39670      39467      203        368232    
63436      27589      39793      39467      326        368558    
77562      37730      39807      39467      340        368898    
80614      82409      39816      39467      349        369247    
76421      63235      39827      39467      360        369607    
24521      53590      39865      39467      398        370005    
17937      86492      39915      39467      448        370453    
80687      56569      39925      39605      320        370773    
56076      10767      39993      39798      195        370968    
64810      74623      40141      40042      99         371067    
73278      26540      40158      40334      176        371243    
58083      46584      40205      40461      256        371499    
90208      32262      40206      40901      695        372194    
17793      65461      40256      41026      770        372964    
92155      47552      40346      41038      692        373656    
47982      91242      40364      41397      1033       374689    
82069      77080      40666      41627      961        375650    
39226      87581      40956      41740      784        376434    
34622      42348      41025      41962      937        377371    
99735      46584      41027      42179      1152       378523    
22264      37730      41045      42288      1243       379766    
46131      70590      41060      42348      1288       381054    
90426      18162      41180      42450      1270       382324    
75148      63803      41201      42455      1254       383578    
98835      70822      41315      42483      1168       384746    
80373      30652      41905      42878      973        385719    
62705      46131      41922      43136      1214       386933    
95974      32262      41928      43155      1227       388160    
54882      36453      41980      43234      1254       389414    
50578      71111      42123      43286      1163       390577    
30132      39798      42166      43286      1120       391697    
22527      35101      42503      43518      1015       392712    
41027      91852      42532      43751      1219       393931    
69013      46238      42579      43757      1178       395109    
79152      69190      42686      44159      1473       396582    
89330      61021      42692      44649      1957       398539    
85358      13789      43129      44676      1547       400086    
15086      54357      43252      44967      1715       401801    
50002      39467      43286      45070      1784       403585    
42579      42483      43293      45533      2240       405825    
11717      87581      43336      45734      2398       408223    
43825      24664      43393      45839      2446       410669    
50771      87581      43599      46065      2466       413135    
89105      45839      43825      46131      2306       415441    
84561      92078      43980      46131      2151       417592    
42692      38899      44051      46131      2080       419672    
20001      94609      44107      46131      2024       421696    
40205      38051      44252      46131      1879       423575    
13295      20519      44374      46131      1757       425332    
96020      10112      44407      46131      1724       427056    
47293      87899      44629      46131      1502       428558    
94929      10112      44698      46131      1433       429991    
24422      82448      44746      46131      1385       431376    
62066      59975      44778      46131      1353       432729    
52303      86581      44816      46131      1315       434044    
79329      72343      45026      46131      1105       435149    
69417      16516      45068      46131      1063       436212    
13062      47552      45091      46131      1040       437252    
41201      84658      45166      46131      965        438217    
92635      62180      45310      46131      821        439038    
19834      91848      45553      46131      578        439616    
34343      18222      45641      46131      490        440106    
18208      30134      45693      46226      533        440639    
82611      63803      45990      46238      248        440887    
12207      74511      46131      46316      185        441072    
93804      53502      46174      46503      329        441401    
51066      33260      46176      46519      343        441744    
28374      66275      46185      46584      399        442143    
34107      10112      46240      46584      344        442487    
13223      80233      46319      46584      265        442752    
97959      94470      46381      46584      203        442955    
51054      57117      46495      46584      89         443044    
82951      30540      46520      46584      64         443108    
61626      32898      46554      46584      30         443138    
52816      16045      46584      46715      131        443269    
67095      46131      46764      46877      113        443382    
96825      70590      46786      47552      766        444148    
34307      77500      46924      47552      628        444776    
98853      35083      46944      47552      608        445384    
76437      65439      46965      47552      587        445971    
71489      77080      47054      47552      498        446469    
46520      16597      47055      47552      497        446966    
15288      54357      47057      47552      495        447461    
34660      63199      47173      47552      379        447840    
65053      65439      47190      47552      362        448202    
99414      57117      47293      47636      343        448545    
85660      83055      47467      47662      195        448740    
10245      32262      47468      47731      263        449003    
12775      67705      47552      47895      343        449346    
57298      65439      47979      47973      6          449352    
64105      36878      47981      48362      381        449733    
36104      12422      47982      48368      386        450119    
89241      56000      47999      48368      369        450488    
41045      87764      48192      48368      176        450664    
16506      88026      48345      48368      23         450687    
53044      44649      48367      48368      1          450688    
17425      84939      48368      48368      0          450688    
56000      69714      48375      48368      7          450695    
63575      92078      48387      48368      19         450714    
50418      19328      48467      48368      99         450813    
39915      10112      48629      48368      261        451074    
97542      66182      48877      48368      509        451583    
97468      16506      49397      48368      1029       452612    
74779      94609      49482      48368      1114       453726    
90120      17677      49707      48782      925        454651    
91404      87581      49866      48796      1070       455721    
83440      31253      49897      48965      932        456653    
80583      16585      49946      50175      229        456882    
16542      82069      49970      50219      249        457131    
34305      48368      50002      50421      419        457550    
95455      30383      50100      50542      442        457992    
56639      87581      50261      50609      348        458340    
33983      12422      50263      51188      925        459265    
36565      47552      50309      51202      893        460158    
63737      32262      50392      51306      914        461072    
60378      37730      50418      51506      1088       462160    
80067      95189      50539      51660      1121       463281    
45068      61725      50578      51702      1124       464405    
20720      74180      50623      51980      1357       465762    
24918      94609      50638      52214      1576       467338    
18264      86581      50660      52296      1636       468974    
43293      57117      50771      52637      1866       470840    
67279      38551      50829      52649      1820       472660    
75286      95937      50851      52775      1924       474584    
19582      71378      50926      52810      1884       476468    
62806      12497      50951      53020      2069       478537    
48345      96497      51054      53175      2121       480658    
45026      68499      51066      53188      2122       482780    
97371      36028      51088      53300      2212       484992    
80754      74761      51110      53432      2322       487314    
97543      54357      51418      53502      2084       489398    
51110      12422      51728      53519      1791       491189    
23427      24635      51923      53590      1667       492856    
44698      68582      52076      53888      1812       494668    
84624      28102      52159      53951      1792       496460    
74813      12960      52303      54157      1854       498314    
94691      82069      52460      54357      1897       500211    
68498      93943      52506      54357      1851       502062    
30492      52810      52534      54357      1823       503885    
65243      34777      52541      54357      1816       505701    
12244      82069      52738      54357      1619       507320    
14525      65439      52750      54357      1607       508927    
75430      98694      52772      54357      1585       510512    
73494      87567      52792      54357      1565       512077    
97587      67336      52816      54732      1916       513993    
59739      59542      53010      54937      1927       515920    
38047      30492      53044      54948      1904       517824    
35519      43518      53156      55086      1930       519754    
64167      92078      53311      55383      2072       521826    
52460      72101      53579      55403      1824       523650    
49707      81573      53666      55678      2012       525662    
86581      24885      53704      55687      1983       527645    
93340      69244      53705      55865      2160       529805    
91249      13789      53719      55933      2214       532019    
35632      52637      53890      56000      2110       534129    
78007      56318      54107      56000      1893       536022    
86640      46131      54241      56000      1759       537781    
84853      30492      54262      56000      1738       539519    
69589      55403      54357      56000      1643       541162    
87840      94609      54543      56000      1457       542619    
15931      65439      54635      56000      1365       543984    
87788      94609      54823      56000      1177       545161    
36704      39467      54877      56000      1123       546284    
56849      92199      54882      56000      1118       547402    
23845      70822      54945      56000      1055       548457    
58771      59306      54987      56267      1280       549737    
15094      72864      55501      56318      817        550554    
78669      38116      55623      56339      716        551270    
67290      30492      55924      56569      645        551915    
30809      12422      56000      56680      680        552595    
60616      82069      56076      56848      772        553367    
99946      86597      56101      56935      834        554201    
57245      10112      56103      57037      934        555135    
14346      59022      56136      57117      981        556116    
95083      79436      56538      57117      579        556695    
57974      65334      56639      57117      478        557173    
22448      86581      56685      57117      432        557605    
89557      42455      56693      57117      424        558029    
72735      70224      56755      57117      362        558391    
80323      28694      56849      57117      268        558659    
19558      59542      56977      57117      140        558799    
66100      67968      57117      57117      0          558799    
29557      54357      57138      57117      21         558820    
75549      48368      57231      57117      114        558934    
47979      65120      57243      57117      126        559060    
81370      26550      57245      57117      128        559188    
99542      80446      57262      57117      145        559333    
92151      48368      57298      57117      181        559514    
60693      60658      57319      57117      202        559716    
70590      36856      57473      57160      313        560029    
93811      95439      57974      57292      682        560711    
50263      78334      58045      57390      655        561366    
51728      74556      58050      57915      135        561501    
48629      23585      58083      58026      57         561558    
63500      35242      58158      58394      236        561794    
98688      74623      58303      59022      719        562513    
50638      39467      58632      59148      516        563029    
39320      57117      58685      59202      517        563546    
85601      48368      58732      59294      562        564108    
86749      63803      58771      59306      535        564643    
84452      24596      59455      59542      87         564730    
40346      33260      59541      59542      1          564731    
56693      59543      59542      59542      0          564731    
96450      10429      59659      59542      117        564848    
46319      50421      59680      59542      138        564986    
88183      63450      59702      59542      160        565146    
47057      56000      59739      59542      197        565343    
99066      65734      59774      59542      232        565575    
95736      95937      60005      59542      463        566038    
49970      77187      60019      59542      477        566515    
76310      86581      60140      59542      598        567113    
72960      21713      60198      59542      656        567769    
61234      33798      60327      59542      785        568554    
20364      70590      60378      59542      836        569390    
89304      82069      60383      59542      841        570231    
90141      11734      60616      59542      1074       571305    
11708      88748      60652      59542      1110       572415    
67064      10112      60693      59542      1151       573566    
51923      71970      61075      59542      1533       575099    
47055      36089      61189      59543      1646       576745    
45990      28498      61203      59558      1645       578390    
89727      87581      61234      59604      1630       580020    
92801      71911      61532      59975      1557       581577    
39807      46584      61567      60329      1238       582815    
72390      35136      61626      60658      968        583783    
16446      62868      61773      60775      998        584781    
77863      56000      61985      61021      964        585745    
42686      13789      61987      61276      711        586456    
28678      75289      62006      61725      281        586737    
84858      67442      62066      61869      197        586934    
64404      84225      62156      61952      204        587138    
77138      70822      62170      62180      10         587148    
48368      33260      62236      62471      235        587383    
89589      10112      62531      62842      311        587694    
92469      43286      62705      62868      163        587857    
66906      19599      62806      63199      393        588250    
96794      74623      62890      63235      345        588595    
98997      15262      62970      63379      409        589004    
32791      74556      62992      63450      458        589462    
86217      36089      63009      63803      794        590256    
23368      31640      63252      63803      551        590807    
88661      19276      63364      63803      439        591246    
72933      85540      63436      63803      367        591613    
22703      30492      63443      63803      360        591973    
71905      65439      63500      63803      303        592276    
58050      40461      63509      63803      294        592570    
29588      95734      63575      64882      1307       593877    
39243      55933      63737      64951      1214       595091    
83527      17481      63803      64983      1180       596271    
15249      58026      64105      65079      974        597245    
77033      47662      64167      65120      953        598198    
47552      86581      64180      65334      1154       599352    
57262      69752      64404      65439      1035       600387    
20061      18772      64783      65439      656        601043    
81279      43751      64810      65439      629        601672    
58632      70157      64935      65439      504        602176    
13683      94609      65053      65439      386        602562    
21964      74556      65075      65439      364        602926    
95224      59604      65083      65439      356        603282    
83465      88283      65243      65439      196        603478    
81225      36089      65390      65439      49         603527    
16585      17481      65439      65439      0          603527    
15766      15653      65498      65439      59         603586    
50261      57292      65715      65439      276        603862    
82233      54937      65842      65439      403        604265    
60140      94609      65922      65439      483        604748    
52750      31767      65923      65439      484        605232    
20808      56000      66100      65439      661        605893    
57243      92469      66108      65461      647        606540    
43252      32262      66217      65596      621        607161    
60198      86581      66228      65734      494        607655    
18620      55678      66500      65984      516        608171    
44051      50219      66809      66029      780        608951    
15210      39162      66844      66182      662        609613    
60005      36089      66906      66275      631        610244    
66217      74556      67034      66766      268        610512    
13853      70822      67048      66781      267        610779    
63803      70822      67053      66948      105        610884    
35040      65079      67064      67031      33         610917    
65842      38038      67095      67104      9          610926    
39316      20720      67241      67119      122        611048    
87663      65984      67279      67336      57         611105    
20060      68582      67290      67442      152        611257    
25890      48796      67472      67642      170        611427    
16116      82639      67696      67705      9          611436    
31571      70822      67708      67964      256        611692    
43980      84152      67811      67968      157        611849    
53704      11951      68068      68252      184        612033    
79055      42179      68074      68305      231        612264    
57231      22127      68109      68313      204        612468    
88376      85408      68231      68499      268        612736    
59541      95959      68490      68582      92         612828    
92556      53432      68498      68582      84         612912    
88194      16317      68582      68582      0          612912    
34727      30904      69013      68582      431        613343    
16387      57117      69088      68582      506        613849    
96730      10644      69125      68978      147        613996    
65083      36089      69173      69190      17         614013    
15228      16506      69179      69244      65         614078    
81423      59542      69417      69496      79         614157    
87899      17481      69493      69714      221        614378    
90911      85798      69499      69752      253        614631    
17159      83599      69532      69809      277        614908    
50392      77080      69589      70157      568        615476    
22864      43286      70019      70224      205        615681    
37528      94609      70127      70483      356        616037    
21429      59542      70362      70590      228        616265    
28265      46877      70434      70590      156        616421    
46764      37608      70590      70590      0          616421    
91323      65439      70822      70590      232        616653    
83391      35269      70825      70590      235        616888    
74503      39369      70913      70590      323        617211    
93683      63803      71045      70590      455        617666    
31047      38528      71321      70590      731        618397    
53705      33260      71384      70590      794        619191    
74884      86581      71489      70590      899        620090    
54241      99733      71770      70590      1180       621270    
45641      73338      71785      70590      1195       622465    
64783      94609      71788      70590      1198       623663    
36885      76835      71812      70590      1222       624885    
94878      70590      71905      70590      1315       626200    
95560      21274      71921      70590      1331       627531    
61985      67119      71956      70590      1366       628897    
65075      74623      71994      70590      1404       630301    
32813      86204      72087      70590      1497       631798    
36749      72304      72157      70590      1567       633365    
78654      50542      72193      70822      1371       634736    
86690      74556      72309      70822      1487       636223    
70019      32262      72390      70822      1568       637791    
20641      60329      72483      70822      1661       639452    
77752      57117      72595      70822      1773       641225    
60383      20123      72735      70822      1913       643138    
90352      74623      72933      70822      2111       645249    
24141      71761      72960      70822      2138       647387    
65390      10350      73116      70822      2294       649681    
47054      38708      73217      70822      2395       652076    
39003      57915      73276      70822      2454       654530    
38161      92078      73278      70822      2456       656986    
38171      32262      73374      70822      2552       659538    
84400      10112      73494      70822      2672       662210    
15341      70822      73563      70822      2741       664951    
39428      16506      73633      70822      2811       667762    
13942      13789      73979      70822      3157       670919    
96936      70483      74366      70822      3544       674463    
93060      50175      74503      70822      3681       678144    
38192      67104      74556      71010      3546       681690    
46944      64882      74623      71034      3589       685279    
10846      12422      74676      71074      3602       688881    
35101      35801      74779      71111      3668       692549    
91104      20720      74813      71378      3435       695984    
13040      13789      74884      71633      3251       699235    
32161      31456      74942      71747      3195       702430    
97253      86581      74948      71761      3187       705617    
70362      70590      75055      71782      3273       708890    
53579      26550      75148      71830      3318       712208    
32295      56680      75256      71911      3345       715553    
77624      74556      75283      71970      3313       718866    
19453      38171      75286      72085      3201       722067    
11458      82069      75288      72101      3187       725254    
39312      94596      75430      72181      3249       728503    
68109      81118      75434      72304      3130       731633    
63009      59542      75435      72335      3100       734733    
96761      33260      75498      72343      3155       737888    
42532      96201      75549      72441      3108       740996    
42166      87800      75567      72487      3080       744076    
87613      44967      75624      72611      3013       747089    
69532      34024      75731      72650      3081       750170    
48387      83207      76089      72864      3225       753395    
54987      28919      76105      73250      2855       756250    
20342      84225      76115      73338      2777       759027    
23664      56000      76259      73557      2702       761729    
46174      10112      76273      73585      2688       764417    
72309      12474      76310      73685      2625       767042    
72157      73250      76358      73860      2498       769540    
28932      14632      76413      73873      2540       772080    
36882      84225      76421      73875      2546       774626    
23261      38171      76437      74069      2368       776994    
99849      41962      76512      74180      2332       779326    
95036      44159      76680      74511      2169       781495    
67696      12422      76747      74556      2191       783686    
58158      12422      77033      74556      2477       786163    
99688      84696      77080      74556      2524       788687    
95937      56267      77138      74556      2582       791269    
67472      28880      77226      74556      2670       793939    
32262      78595      77342      74556      2786       796725    
39793      31505      77349      74556      2793       799518    
53311      87581      77464      74556      2908       802426    
28411      51506      77562      74556      3006       805432    
53156      88986      77624      74556      3068       808500    
97772      95152      77695      74556      3139       811639    
27795      70590      77752      74556      3196       814835    
25013      30223      77863      74556      3307       818142    
14528      72611      78007      74556      3451       821593    
76358      11601      78097      74556      3541       825134    
46584      32226      78150      74556      3594       828728    
45091      53888      78327      74556      3771       832499    
78740      82069      78420      74556      3864       836363    
28185      56000      78427      74623      3804       840167    
86150      33260      78449      74623      3826       843993    
12422      13789      78475      74623      3852       847845    
49946      36089      78511      74623      3888       851733    
39558      91418      78654      74623      4031       855764    
12969      78072      78669      74623      4046       859810    
30758      23674      78727      74623      4104       863914    
30625      72335      78740      74623      4117       868031    
29062      46065      79055      74761      4294       872325    
51088      61952      79152      74803      4349       876674    
88725      61869      79321      74883      4438       881112    
94002      74556      79329      74906      4423       885535    
35800      29768      79525      75035      4490       890025    
43599      95937      79628      75289      4339       894364    
65922      82638      79742      75331      4411       898775    
52159      91936      79824      75494      4330       903105    
96552      48368      79941      75791      4150       907255    
29575      38995      80038      75839      4199       911454    
51418      82069      80067      75862      4205       915659    
39467      36420      80074      75881      4193       919852    
76259      15058      80315      76392      3923       923775    
52506      24873      80323      76524      3799       927574    
34793      68305      80373      76800      3573       931147    
36089      94116      80484      76835      3649       934796    
25337      69496      80493      76950      3543       938339    
46924      86581      80583      76996      3587       941926    
62992      82069      80599      77034      3565       945491    
62236      95937      80614      77080      3534       949025    
50926      25384      80619      77080      3539       952564    
72595      74556      80643      77080      3563       956127    
53666      67031      80687      77080      3607       959734    
44374      15724      80754      77080      3674       963408    
44629      51188      80784      77080      3704       967112    
80493      95937      80814      77080      3734       970846    
76680      59202      80832      77080      3752       974598    
96833      95937      80967      77080      3887       978485    
96740      86581      81204      77080      4124       982609    
90400      65439      81225      77080      4145       986754    
41922      10112      81269      77080      4189       990943    
10333      23762      81279      77177      4102       995045    
13789      94609      81370      77187      4183       999228    
79941      85091      81371      77500      3871       1003099   
34855      55865      81418      78056      3362       1006461   
87532      37140      81423      78072      3351       1009812   
85678      46584      81572      78334      3238       1013050   
34735      74556      81682      78522      3160       1016210   
27059      28517      82040      78595      3445       1019655   
62170      92078      82069      79269      2800       1022455   
59542      84972      82104      79430      2674       1025129   
44107      46131      82150      79436      2714       1027843   
62531      86581      82209      79481      2728       1030571   
36662      56000      82233      79848      2385       1032956   
36292      59542      82269      80192      2077       1035033   
76115      57037      82297      80233      2064       1037097   
39296      41740      82519      80446      2073       1039170   
34919      10743      82572      80601      1971       1041141   
74948      86439      82603      81118      1485       1042626   
50539      59294      82611      81573      1038       1043664   
85056      31471      82951      81668      1283       1044947   
28116      65439      82974      81747      1227       1046174   
39085      38176      83126      81999      1127       1047301   
84409      95937      83391      82069      1322       1048623   
57138      46131      83440      82069      1371       1049994   
72483      57117      83455      82069      1386       1051380   
32395      72441      83465      82069      1396       1052776   
95005      74883      83527      82069      1458       1054234   
87581      51660      83619      82069      1550       1055784   
28602      28664      83927      82069      1858       1057642   
34996      46131      84028      82069      1959       1059601   
96430      56339      84213      82069      2144       1061745   
77226      70822      84225      82069      2156       1063901   
93760      10112      84334      82069      2265       1066166   
40364      94609      84400      82069      2331       1068497   
40141      39467      84409      82069      2340       1070837   
68490      40042      84452      82069      2383       1073220   
48192      93216      84554      82069      2485       1075705   
68068      70590      84561      82069      2492       1078197   
73633      15355      84624      82069      2555       1080752   
83619      47552      84853      82069      2784       1083536   
81572      73873      84858      82069      2789       1086325   
25924      70822      84924      82069      2855       1089180   
29554      63803      84938      82248      2690       1091870   
19515      26687      85056      82354      2702       1094572   
61203      65439      85180      82409      2771       1097343   
66108      77080      85358      82448      2910       1100253   
34039      33260      85601      82624      2977       1103230   
54877      35542      85660      82638      3022       1106252   
38583      96489      85678      82639      3039       1109291   
90667      42450      85766      82816      2950       1112241   
84938      10487      85775      83055      2720       1114961   
46965      59542      86150      83110      3040       1118001   
54823      74069      86217      83207      3010       1121011   
71321      73685      86412      83226      3186       1124197   
19154      57117      86551      83599      2952       1127149   
73217      30492      86581      83813      2768       1129917   
76105      13647      86640      84152      2488       1132405   
39670      12422      86659      84225      2434       1134839   
30004      64951      86690      84225      2465       1137304   
21400      16931      86703      84225      2478       1139782   
58732      46131      86749      84225      2524       1142306   
46185      57117      87026      84225      2801       1145107   
35140      97447      87133      84225      2908       1148015   
21937      32262      87532      84225      3307       1151322   
29766      37730      87581      84225      3356       1154678   
97110      17481      87590      84225      3365       1158043   
37622      70822      87608      84225      3383       1161426   
10481      46131      87613      84225      3388       1164814   
89082      37730      87642      84658      2984       1167798   
37941      74556      87663      84696      2967       1170765   
14004      13789      87788      84728      3060       1173825   
75256      31754      87840      84939      2901       1176726   
91586      98835      87899      84972      2927       1179653   
70127      84728      87975      85091      2884       1182537   
27519      76800      88138      85286      2852       1185389   
30742      29667      88183      85408      2775       1188164   
40956      72181      88194      85540      2654       1190818   
38337      85286      88276      85723      2553       1193371   
93338      32262      88376      85798      2578       1195949   
17167      48368      88456      85999      2457       1198406   
90586      87581      88661      86204      2457       1200863   
77695      72650      88725      86439      2286       1203149   
78449      10112      88795      86492      2303       1205452   
14007      92469      89082      86581      2501       1207953   
44816      56000      89105      86581      2524       1210477   
92128      12422      89176      86581      2595       1213072   
70434      89508      89223      86581      2642       1215714   
46495      17481      89241      86581      2660       1218374   
86412      57117      89249      86581      2668       1221042   
12915      29947      89304      86581      2723       1223765   
31239      98835      89330      86581      2749       1226514   
25873      62842      89557      86581      2976       1229490   
18560      54357      89589      86581      3008       1232498   
56101      27741      89617      86581      3036       1235534   
85775      70590      89712      86581      3131       1238665   
36475      51980      89727      86581      3146       1241811   
80038      10112      89970      86581      3389       1245200   
98826      30492      90120      86581      3539       1248739   
41315      82816      90141      86581      3560       1252299   
11389      82624      90208      86581      3627       1255926   
11947      75881      90330      86597      3733       1259659   
26407      10112      90352      86819      3533       1263192   
30869      41026      90400      87567      2833       1266025   
87026      44676      90426      87581      2845       1268870   
41060      77177      90586      87581      3005       1271875   
27239      32212      90593      87581      3012       1274887   
50309      47552      90667      87581      3086       1277973   
28120      35101      90911      87581      3330       1281303   
52772      87899      90955      87581      3374       1284677   
50851      13789      90978      87581      3397       1288074   
52738      67642      91104      87581      3523       1291597   
73374      61276      91249      87581      3668       1295265   
29063      83110      91269      87581      3688       1298953   
75283      77080      91276      87581      3695       1302648   
91345      33260      91319      87581      3738       1306386   
14809      19229      91323      87581      3742       1310128   
82519      27777      91328      87581      3747       1313875   
92688      65439      91345      87581      3764       1317639   
10526      48368      91404      87581      3823       1321462   
59702      92469      91561      87581      3980       1325442   
35688      48965      91573      87640      3933       1329375   
87590      24828      91586      87764      3822       1333197   
40206      75331      91663      87800      3863       1337060   
36194      74556      92076      87857      4219       1341279   
43336      12746      92078      87899      4179       1345458   
26034      29117      92128      87899      4229       1349687   
23466      47552      92151      87899      4252       1353939   
33234      19772      92155      87899      4256       1358195   
17481      11383      92187      88026      4161       1362356   
68582      54357      92426      88283      4143       1366499   
36038      20809      92469      88309      4160       1370659   
33704      98835      92543      88748      3795       1374454   
87642      46131      92556      88986      3570       1378024   
37947      38171      92635      89264      3371       1381395   
17577      54357      92651      89508      3143       1384538   
13994      48368      92688      89669      3019       1387557   
70913      45734      92801      90710      2091       1389648   
11985      23504      93055      90976      2079       1391727   
82269      84225      93060      91018      2042       1393769   
83126      70590      93300      91050      2250       1396019   
47981      50609      93307      91109      2198       1398217   
71785      10112      93338      91242      2096       1400313   
38305      87857      93340      91418      1922       1402235   
59774      78056      93351      91781      1570       1403805   
62970      82069      93683      91848      1835       1405640   
21547      84225      93734      91852      1882       1407522   
63443      87640      93760      91936      1824       1409346   
74676      92894      93804      92078      1726       1411072   
54357      35752      93811      92078      1733       1412805   
88456      38171      93914      92078      1836       1414641   
80643      40334      94002      92078      1924       1416565   
78727      73557      94201      92078      2123       1418688   
86551      13789      94603      92078      2525       1421213   
31360      70822      94609      92078      2531       1423744   
38144      12422      94691      92078      2613       1426357   
39925      26550      94878      92078      2800       1429157   
18733      67964      94883      92078      2805       1431962   
14557      23598      94929      92199      2730       1434692   
68231      70590      94937      92469      2468       1437160   
28923      37251      95005      92469      2536       1439696   
36731      36089      95007      92469      2538       1442234   
16989      57160      95036      92653      2383       1444617   
10112      90976      95054      92894      2160       1446777   
81269      32323      95083      93216      1867       1448644   
46176      11467      95120      93749      1371       1450015   
34165      74556      95224      93943      1281       1451296   
30496      32262      95455      94116      1339       1452635   
33260      70590      95560      94274      1286       1453921   
91319      45070      95736      94321      1415       1455336   
80484      38171      95937      94470      1467       1456803   
61567      48368      95974      94596      1378       1458181   
36103      70590      95980      94609      1371       1459552   
45693      70590      96020      94609      1411       1460963   
41025      43757      96028      94609      1419       1462382   
36802      65596      96268      94609      1659       1464041   
21523      98958      96387      94609      1778       1465819   
80599      32262      96430      94609      1821       1467640   
49397      92078      96450      94609      1841       1469481   
74366      65439      96552      94609      1943       1471424   
30292      94948      96572      94609      1963       1473387   
20673      10112      96730      94609      2121       1475508   
13158      46131      96736      94609      2127       1477635   
89970      26550      96740      94609      2131       1479766   
70825      12276      96761      94609      2152       1481918   
96736      32750      96794      94854      1940       1483858   
26698      17481      96825      94948      1877       1485735   
94201      26049      96833      95152      1681       1487416   
66228      18185      96936      95189      1747       1489163   
50623      91018      96980      95439      1541       1490704   
63509      70822      97110      95734      1376       1492080   
96572      46131      97253      95937      1316       1493396   
34380      46715      97371      95937      1434       1494830   
21120      17481      97414      95937      1477       1496307   
24159      56000      97468      95937      1531       1497838   
59659      74556      97542      95937      1605       1499443   
31572      53951      97543      95937      1606       1501049   
48375      82069      97587      95937      1650       1502699   
12985      36089      97772      95937      1835       1504534   
82040      10557      97919      95937      1982       1506516   
63252      57117      97959      95959      2000       1508516   
31520      86581      98191      96201      1990       1510506   
38262      13789      98463      96489      1974       1512480   
41980      40901      98688      96497      2191       1514671   
76273      47552      98790      96515      2275       1516946   
11812      46131      98826      96976      1850       1518796   
28759      77080      98835      97447      1388       1520184   
12882      92653      98853      97650      1203       1521387   
64935      33260      98898      97892      1006       1522393   
26550      83813      98997      98492      505        1522898   
19156      58394      99066      98679      387        1523285   
93914      35101      99138      98694      444        1523729   
43129      96976      99202      98708      494        1524223   
13090      57117      99218      98826      392        1524615   
98463      76524      99414      98835      579        1525194   
36993      46131      99542      98835      707        1525901   
89249      35207      99601      98835      766        1526667   
12936      18458      99688      98835      853        1527520   
26497      56000      99735      98835      900        1528420   
75288      35237      99813      98958      855        1529275   
79742      82354      99849      99451      398        1529673   
65715      12422      99908      99579      329        1530002   
21544      29737      99946      99733      213        1530215   
----------------------------------------------------------------------
                                                  Sum       1530215   
